# Auto-generated NURBS input
# grid: 8x8 | degree: (3,3) | xyz: twist | weights: checker
3
3
8
8
0 0 -1.400 2.000
0 1 -0.556 0.500
0 2 0.151 2.000
0 3 0.610 0.500
0 4 0.760 2.000
0 5 0.601 0.500
0 6 0.194 2.000
0 7 -0.350 0.500
1 0 -0.456 0.500
1 1 0.251 2.000
1 2 0.710 0.500
1 3 0.860 2.000
1 4 0.701 0.500
1 5 0.294 2.000
1 6 -0.250 0.500
1 7 -0.794 2.000
2 0 0.351 2.000
2 1 0.810 0.500
2 2 0.960 2.000
2 3 0.801 0.500
2 4 0.394 2.000
2 5 -0.150 0.500
2 6 -0.694 2.000
2 7 -1.101 0.500
3 0 0.910 0.500
3 1 1.060 2.000
3 2 0.901 0.500
3 3 0.494 2.000
3 4 -0.050 0.500
3 5 -0.594 2.000
3 6 -1.001 0.500
3 7 -1.160 2.000
4 0 1.160 2.000
4 1 1.001 0.500
4 2 0.594 2.000
4 3 0.050 0.500
4 4 -0.494 2.000
4 5 -0.901 0.500
4 6 -1.060 2.000
4 7 -0.910 0.500
5 0 1.101 0.500
5 1 0.694 2.000
5 2 0.150 0.500
5 3 -0.394 2.000
5 4 -0.801 0.500
5 5 -0.960 2.000
5 6 -0.810 0.500
5 7 -0.351 2.000
6 0 0.794 2.000
6 1 0.250 0.500
6 2 -0.294 2.000
6 3 -0.701 0.500
6 4 -0.860 2.000
6 5 -0.710 0.500
6 6 -0.251 2.000
6 7 0.456 0.500
7 0 0.350 0.500
7 1 -0.194 2.000
7 2 -0.601 0.500
7 3 -0.760 2.000
7 4 -0.610 0.500
7 5 -0.151 2.000
7 6 0.556 0.500
7 7 1.400 2.000
