# Auto-generated NURBS input
# grid: 6x6 | degree: (3,3) | xyz: wave | weights: center
3
3
6
6
0 0 0.000 1.249
0 1 0.000 1.605
0 2 0.000 1.944
0 3 -0.000 1.944
0 4 -0.000 1.605
0 5 -0.000 1.249
1 0 1.176 1.605
1 1 0.951 2.472
1 2 0.363 3.295
1 3 -0.363 3.295
1 4 -0.951 2.472
1 5 -1.176 1.605
2 0 1.902 1.944
2 1 1.539 3.295
2 2 0.588 4.579
2 3 -0.588 4.579
2 4 -1.539 3.295
2 5 -1.902 1.944
3 0 1.902 1.944
3 1 1.539 3.295
3 2 0.588 4.579
3 3 -0.588 4.579
3 4 -1.539 3.295
3 5 -1.902 1.944
4 0 1.176 1.605
4 1 0.951 2.472
4 2 0.363 3.295
4 3 -0.363 3.295
4 4 -0.951 2.472
4 5 -1.176 1.605
5 0 0.000 1.249
5 1 0.000 1.605
5 2 0.000 1.944
5 3 -0.000 1.944
5 4 -0.000 1.605
5 5 -0.000 1.249
