# Auto-generated NURBS input
# grid: 8x8 | degree: (3,3) | xyz: twist | weights: center
3
3
8
8
0 0 -1.400 1.187
0 1 -0.556 1.396
0 2 0.151 1.653
0 3 0.610 1.838
0 4 0.760 1.838
0 5 0.601 1.653
0 6 0.194 1.396
0 7 -0.350 1.187
1 0 -0.456 1.396
1 1 0.251 1.838
1 2 0.710 2.382
1 3 0.860 2.775
1 4 0.701 2.775
1 5 0.294 2.382
1 6 -0.250 1.838
1 7 -0.794 1.396
2 0 0.351 1.653
2 1 0.810 2.382
2 2 0.960 3.279
2 3 0.801 3.926
2 4 0.394 3.926
2 5 -0.150 3.279
2 6 -0.694 2.382
2 7 -1.101 1.653
3 0 0.910 1.838
3 1 1.060 2.775
3 2 0.901 3.926
3 3 0.494 4.758
3 4 -0.050 4.758
3 5 -0.594 3.926
3 6 -1.001 2.775
3 7 -1.160 1.838
4 0 1.160 1.838
4 1 1.001 2.775
4 2 0.594 3.926
4 3 0.050 4.758
4 4 -0.494 4.758
4 5 -0.901 3.926
4 6 -1.060 2.775
4 7 -0.910 1.838
5 0 1.101 1.653
5 1 0.694 2.382
5 2 0.150 3.279
5 3 -0.394 3.926
5 4 -0.801 3.926
5 5 -0.960 3.279
5 6 -0.810 2.382
5 7 -0.351 1.653
6 0 0.794 1.396
6 1 0.250 1.838
6 2 -0.294 2.382
6 3 -0.701 2.775
6 4 -0.860 2.775
6 5 -0.710 2.382
6 6 -0.251 1.838
6 7 0.456 1.396
7 0 0.350 1.187
7 1 -0.194 1.396
7 2 -0.601 1.653
7 3 -0.760 1.838
7 4 -0.610 1.838
7 5 -0.151 1.653
7 6 0.556 1.396
7 7 1.400 1.187
