# Auto-generated NURBS input
# grid: 5x5 | degree: (3,3) | xyz: saddle | weights: center
3
3
5
5
0 0 0.000 1.309
0 1 1.500 1.808
0 2 2.000 2.112
0 3 1.500 1.808
0 4 0.000 1.309
1 0 -1.500 1.808
1 1 0.000 3.109
1 2 0.500 3.905
1 3 0.000 3.109
1 4 -1.500 1.808
2 0 -2.000 2.112
2 1 -0.500 3.905
2 2 0.000 5.000
2 3 -0.500 3.905
2 4 -2.000 2.112
3 0 -1.500 1.808
3 1 0.000 3.109
3 2 0.500 3.905
3 3 0.000 3.109
3 4 -1.500 1.808
4 0 0.000 1.309
4 1 1.500 1.808
4 2 2.000 2.112
4 3 1.500 1.808
4 4 0.000 1.309
