# Auto-generated NURBS input
# grid: 7x7 | degree: (3,3) | xyz: ripple | weights: checker
3
3
7
7
0 0 -0.289 2.000
0 1 -0.972 0.500
0 2 -1.280 2.000
0 3 -1.334 0.500
0 4 -1.280 2.000
0 5 -0.972 0.500
0 6 -0.289 2.000
1 0 -0.972 0.500
1 1 -1.351 2.000
1 2 -1.056 0.500
1 3 -0.788 2.000
1 4 -1.056 0.500
1 5 -1.351 2.000
1 6 -0.972 0.500
2 0 -1.280 2.000
2 1 -1.056 0.500
2 2 0.156 2.000
2 3 0.931 0.500
2 4 0.156 2.000
2 5 -1.056 0.500
2 6 -1.280 2.000
3 0 -1.334 0.500
3 1 -0.788 2.000
3 2 0.931 0.500
3 3 2.200 2.000
3 4 0.931 0.500
3 5 -0.788 2.000
3 6 -1.334 0.500
4 0 -1.280 2.000
4 1 -1.056 0.500
4 2 0.156 2.000
4 3 0.931 0.500
4 4 0.156 2.000
4 5 -1.056 0.500
4 6 -1.280 2.000
5 0 -0.972 0.500
5 1 -1.351 2.000
5 2 -1.056 0.500
5 3 -0.788 2.000
5 4 -1.056 0.500
5 5 -1.351 2.000
5 6 -0.972 0.500
6 0 -0.289 2.000
6 1 -0.972 0.500
6 2 -1.280 2.000
6 3 -1.334 0.500
6 4 -1.280 2.000
6 5 -0.972 0.500
6 6 -0.289 2.000
