# Auto-generated NURBS input
# grid: 8x8 | degree: (3,3) | xyz: twist | weights: uniform
3
3
8
8
0 0 -1.400 1.000
0 1 -0.556 1.000
0 2 0.151 1.000
0 3 0.610 1.000
0 4 0.760 1.000
0 5 0.601 1.000
0 6 0.194 1.000
0 7 -0.350 1.000
1 0 -0.456 1.000
1 1 0.251 1.000
1 2 0.710 1.000
1 3 0.860 1.000
1 4 0.701 1.000
1 5 0.294 1.000
1 6 -0.250 1.000
1 7 -0.794 1.000
2 0 0.351 1.000
2 1 0.810 1.000
2 2 0.960 1.000
2 3 0.801 1.000
2 4 0.394 1.000
2 5 -0.150 1.000
2 6 -0.694 1.000
2 7 -1.101 1.000
3 0 0.910 1.000
3 1 1.060 1.000
3 2 0.901 1.000
3 3 0.494 1.000
3 4 -0.050 1.000
3 5 -0.594 1.000
3 6 -1.001 1.000
3 7 -1.160 1.000
4 0 1.160 1.000
4 1 1.001 1.000
4 2 0.594 1.000
4 3 0.050 1.000
4 4 -0.494 1.000
4 5 -0.901 1.000
4 6 -1.060 1.000
4 7 -0.910 1.000
5 0 1.101 1.000
5 1 0.694 1.000
5 2 0.150 1.000
5 3 -0.394 1.000
5 4 -0.801 1.000
5 5 -0.960 1.000
5 6 -0.810 1.000
5 7 -0.351 1.000
6 0 0.794 1.000
6 1 0.250 1.000
6 2 -0.294 1.000
6 3 -0.701 1.000
6 4 -0.860 1.000
6 5 -0.710 1.000
6 6 -0.251 1.000
6 7 0.456 1.000
7 0 0.350 1.000
7 1 -0.194 1.000
7 2 -0.601 1.000
7 3 -0.760 1.000
7 4 -0.610 1.000
7 5 -0.151 1.000
7 6 0.556 1.000
7 7 1.400 1.000
