# Auto-generated NURBS input
# grid: 5x5 | degree: (3,3) | xyz: saddle | weights: checker
3
3
5
5
0 0 0.000 2.000
0 1 1.500 0.500
0 2 2.000 2.000
0 3 1.500 0.500
0 4 0.000 2.000
1 0 -1.500 0.500
1 1 0.000 2.000
1 2 0.500 0.500
1 3 0.000 2.000
1 4 -1.500 0.500
2 0 -2.000 2.000
2 1 -0.500 0.500
2 2 0.000 2.000
2 3 -0.500 0.500
2 4 -2.000 2.000
3 0 -1.500 0.500
3 1 0.000 2.000
3 2 0.500 0.500
3 3 0.000 2.000
3 4 -1.500 0.500
4 0 0.000 2.000
4 1 1.500 0.500
4 2 2.000 2.000
4 3 1.500 0.500
4 4 0.000 2.000
