# Auto-generated NURBS input
# grid: 5x5 | degree: (3,3) | xyz: saddle | weights: uniform
3
3
5
5
0 0 0.000 1.000
0 1 1.500 1.000
0 2 2.000 1.000
0 3 1.500 1.000
0 4 0.000 1.000
1 0 -1.500 1.000
1 1 0.000 1.000
1 2 0.500 1.000
1 3 0.000 1.000
1 4 -1.500 1.000
2 0 -2.000 1.000
2 1 -0.500 1.000
2 2 0.000 1.000
2 3 -0.500 1.000
2 4 -2.000 1.000
3 0 -1.500 1.000
3 1 0.000 1.000
3 2 0.500 1.000
3 3 0.000 1.000
3 4 -1.500 1.000
4 0 0.000 1.000
4 1 1.500 1.000
4 2 2.000 1.000
4 3 1.500 1.000
4 4 0.000 1.000
