# Auto-generated NURBS input
# grid: 6x6 | degree: (3,3) | xyz: wave | weights: checker
3
3
6
6
0 0 0.000 2.000
0 1 0.000 0.500
0 2 0.000 2.000
0 3 -0.000 0.500
0 4 -0.000 2.000
0 5 -0.000 0.500
1 0 1.176 0.500
1 1 0.951 2.000
1 2 0.363 0.500
1 3 -0.363 2.000
1 4 -0.951 0.500
1 5 -1.176 2.000
2 0 1.902 2.000
2 1 1.539 0.500
2 2 0.588 2.000
2 3 -0.588 0.500
2 4 -1.539 2.000
2 5 -1.902 0.500
3 0 1.902 0.500
3 1 1.539 2.000
3 2 0.588 0.500
3 3 -0.588 2.000
3 4 -1.539 0.500
3 5 -1.902 2.000
4 0 1.176 2.000
4 1 0.951 0.500
4 2 0.363 2.000
4 3 -0.363 0.500
4 4 -0.951 2.000
4 5 -1.176 0.500
5 0 0.000 0.500
5 1 0.000 2.000
5 2 0.000 0.500
5 3 -0.000 2.000
5 4 -0.000 0.500
5 5 -0.000 2.000
