# Auto-generated NURBS input
# grid: 7x7 | degree: (3,3) | xyz: ripple | weights: center
3
3
7
7
0 0 -0.289 1.212
0 1 -0.972 1.479
0 2 -1.280 1.782
0 3 -1.334 1.920
0 4 -1.280 1.782
0 5 -0.972 1.479
0 6 -0.289 1.212
1 0 -0.972 1.479
1 1 -1.351 2.083
1 2 -1.056 2.768
1 3 -0.788 3.082
1 4 -1.056 2.768
1 5 -1.351 2.083
1 6 -0.972 1.479
2 0 -1.280 1.782
2 1 -1.056 2.768
2 2 0.156 3.886
2 3 0.931 4.397
2 4 0.156 3.886
2 5 -1.056 2.768
2 6 -1.280 1.782
3 0 -1.334 1.920
3 1 -0.788 3.082
3 2 0.931 4.397
3 3 2.200 5.000
3 4 0.931 4.397
3 5 -0.788 3.082
3 6 -1.334 1.920
4 0 -1.280 1.782
4 1 -1.056 2.768
4 2 0.156 3.886
4 3 0.931 4.397
4 4 0.156 3.886
4 5 -1.056 2.768
4 6 -1.280 1.782
5 0 -0.972 1.479
5 1 -1.351 2.083
5 2 -1.056 2.768
5 3 -0.788 3.082
5 4 -1.056 2.768
5 5 -1.351 2.083
5 6 -0.972 1.479
6 0 -0.289 1.212
6 1 -0.972 1.479
6 2 -1.280 1.782
6 3 -1.334 1.920
6 4 -1.280 1.782
6 5 -0.972 1.479
6 6 -0.289 1.212
